%YAML:1.0
---
custom_dictionary: !!opencv-matrix
   rows: 50
   cols: 2
   dt: "4u"
   data: [ 83, 44, 198, 145, 52, 202, 137, 99, 175, 143, 93, 95, 241,
       245, 250, 186, 32, 63, 59, 17, 252, 4, 136, 220, 18, 150, 165, 18,
       105, 72, 72, 165, 3, 249, 118, 35, 159, 192, 196, 110, 154, 47,
       151, 29, 244, 89, 184, 233, 71, 84, 100, 240, 42, 226, 15, 38,
       216, 112, 162, 172, 14, 27, 53, 69, 188, 215, 185, 126, 235, 61,
       126, 157, 125, 230, 203, 246, 103, 190, 111, 211, 91, 139, 213,
       135, 209, 218, 225, 171, 243, 70, 205, 184, 98, 207, 29, 179, 80,
       204, 128, 179, 51, 10, 205, 1, 167, 41, 94, 73, 148, 229, 146,
       122, 16, 160, 130, 2, 5, 8, 64, 65, 12, 130, 1, 70, 65, 48, 98,
       128, 101, 153, 120, 195, 153, 166, 195, 30, 55, 114, 239, 96, 78,
       236, 6, 247, 234, 38, 15, 156, 100, 87, 57, 240, 216, 255, 179,
       191, 255, 27, 253, 205, 29, 106, 195, 101, 86, 184, 166, 195, 85,
       233, 210, 227, 151, 170, 199, 75, 223, 181, 246, 222, 173, 251,
       123, 111, 44, 13, 24, 85, 176, 52, 170, 24, 234, 241, 62, 174,
       143, 87, 117, 124, 112, 18, 169, 128, 72, 14, 1, 149, 167, 152,
       108, 75, 25, 229, 210, 54, 243, 49, 254, 136, 140, 207, 17, 127,
       56, 11, 153, 5, 208, 28, 160, 153, 163, 81, 124, 40, 138, 197, 20,
       62, 229, 99, 91, 232, 198, 167, 23, 218, 158, 153, 180, 79, 153,
       121, 242, 45, 121, 149, 248, 150, 169, 158, 105, 31, 79, 128, 68,
       198, 1, 242, 99, 34, 83, 91, 245, 161, 218, 202, 133, 175, 3, 77,
       84, 49, 178, 192, 140, 42, 8, 111, 19, 53, 246, 16, 172, 200, 50,
       7, 157, 16, 224, 76, 8, 185, 27, 186, 231, 7, 93, 216, 224, 231,
       218, 129, 148, 142, 129, 91, 113, 41, 206, 139, 21, 207, 209, 115,
       243, 168, 6, 107, 23, 97, 214, 96, 134, 232, 58, 32, 142, 4, 4,
       92, 32, 113, 45, 221, 120, 119, 187, 180, 238, 30, 45, 97, 90,
       100, 134, 180, 38, 90, 190, 2, 141, 76, 64, 125, 50, 177, 110,
       183, 63, 214, 237, 118, 107, 252, 193, 196, 64, 186, 35, 131, 93,
       2, 219, 41, 214, 141, 148, 219, 177, 107, 205, 210, 97, 238, 75,
       179, 119, 134 ]
